21.70
21.25
21.00
21.00
21.25
20.93
20.85
20.30
19.80
19.40
18.99
19.00
19.32
19.90
19.91
19.90
20.20
20.50
20.25
20.40
20.50
20.60
20.55
20.55
20.25
19.70
19.25
19.25
19.50
19.50
19.38
19.50
19.85
20.50
19.70
20.00
20.20
20.10
20.45
20.04
20.20
20.00
19.38
19.35
19.15
18.88
17.75
17.40
16.75
15.60
14.81
15.00
15.27
15.50
15.30
14.25
15.10
13.56
14.88
15.00
14.93
14.45
14.25
14.75
15.00
15.43
15.88
16.25
16.50
17.50
17.60
17.60
17.00
17.50
17.17
16.70
17.00
17.25
16.80
17.30
17.15
16.99
16.55
16.50
16.58
16.54
16.47
16.00
16.00
15.75
15.25
15.25
15.28
15.40
15.20
15.40
15.20
15.00
15.30
15.50
15.65
15.60
15.88
15.75
15.60
16.00
15.46
15.53
15.53
15.79
15.70
15.55
15.75
15.71
15.50
15.40
15.37
15.50
15.50
15.50
16.05
15.95
16.63
17.00
17.09
17.26
17.00
17.00
17.00
16.50
16.25
16.40
16.00
16.45
16.45
16.20
16.20
16.10
16.20
16.30
17.00
16.05
15.90
16.03
15.86
15.54
15.30
15.80
15.10
15.30
15.50
15.50
15.50
15.50
15.50
15.45
15.50
15.10
15.02
15.02
14.97
14.50
15.02
14.50
14.50
14.50
14.50
14.50
14.25
14.07
13.97
13.75
13.75
13.85
13.94
14.30
13.40
13.50
13.50
13.48
13.47
13.15
14.00
13.50
13.50
13.25
13.00
12.75
12.13
12.47
12.00
11.99
11.60
11.98
12.00
11.85
11.33
10.86
11.71
10.80
10.19
9.98
10.50
10.00
9.40
10.00
9.65
9.94
9.22
9.22
8.75
8.00
8.00
8.35
8.30
8.00
8.00
8.10
8.21
8.30
8.13
8.23
7.50
6.34
6.05
6.40
6.45
6.40
6.38
5.90
6.00
5.22
5.24
4.00
4.49
4.98
4.50
4.50
4.45
3.75
4.28
3.05
3.41
4.00
4.49
4.80
5.28
5.83
5.40
5.50
5.50
5.57
4.80
4.50
4.80
4.01
4.35
3.10
3.10
2.91
3.00
3.00
2.90
2.90
3.50
5.00
5.50
5.40
5.00
5.00
4.32
6.00
5.95
5.00
6.00
5.80
6.00
6.00
5.55
5.60
6.20
6.63
6.35
6.21
6.20
6.36
6.30
6.51
7.50
6.75
7.64
8.50
7.25
6.98
6.00
5.75
6.00
6.00
6.00
6.00
5.90
5.88
5.95
6.00
6.00
5.90
5.60
5.25
5.19
4.88
5.00
4.80
4.58
5.00
4.70
4.67
4.75
4.63
4.50
4.55
4.65
4.80
4.73
4.60
4.60
4.65
4.65
4.30
4.12
4.15
3.75
3.38
3.30
3.18
3.25
3.13
3.13
3.25
3.25
3.24
3.10
3.25
3.30
3.68
4.35
4.20
4.20
4.14
4.44
4.45
4.50
4.30
4.26
4.25
4.35
4.50
4.55
4.55
4.55
4.65
4.65
4.70
5.00
4.84
5.00
4.90
4.95
5.00
5.60
5.70
5.61
5.50
5.50
6.25
6.90
6.90
7.30
8.00
8.00
7.80
7.60
7.50
7.20
7.30
7.60
7.65
8.00
8.80
8.70
9.00
9.00
9.30
9.18
9.50
9.40
9.50
9.75
9.75
9.50
11.00
10.50
10.50
10.50
10.24
10.25
9.70
9.65
9.45
9.35
9.50
9.30
8.86
9.30
9.80
9.80
9.80
9.60
10.25
10.30
10.72
10.44
10.13
9.51
9.90
9.60
9.65
9.98
10.00
10.98
11.10
11.52
11.50
11.89
11.80
11.94
11.50
11.35
12.00
12.00
12.90
12.88
12.70
13.00
13.50
12.75
12.75
11.70
11.17
11.10
10.50
10.50
10.40
10.65
11.00
11.20
11.00
11.11
11.10
11.15
11.50
11.50
11.20
11.15
10.77
11.10
11.50
10.80
10.94
10.70
11.06
11.02
11.28
11.75
11.46
11.61
11.49
11.12
11.31
11.00
11.00
11.00
11.05
10.95
11.20
11.00
11.10
10.92
10.80
11.78
12.25
12.00
12.00
12.40
12.37
12.40
12.70
12.50
12.43
12.70
12.77
12.50
12.60
11.85
11.75
11.50
11.75
11.00
11.20
11.00
11.32
11.70
11.65
11.67
11.67
11.25
11.70
11.60
11.50
11.49
11.30
11.51
11.49
11.35
11.12
11.05
11.43
11.45
11.40
11.40
11.43
11.50
11.30
11.50
11.60
11.78
12.18
12.15
12.31
12.00
11.70
12.00
12.25
12.14
12.14
12.44
12.10
11.51
12.00
12.56
12.50
12.75
12.75
12.78
12.70
12.60
12.70
12.54
12.60
12.75
12.50
12.40
12.32
12.40
12.30
12.13
11.87
11.50
11.50
12.17
12.40
12.08
12.08
11.90
11.75
11.53
11.25
11.10
11.20
11.33
11.30
11.24
11.20
11.50
11.10
11.10
11.40
11.05
11.20
11.37
11.39
11.50
11.50
11.45
11.50
12.37
12.00
12.00
11.90
12.00
12.20
12.10
12.60
12.55
12.74
12.83
14.00
13.79
13.61
13.90
13.70
13.63
14.00
13.51
14.00
14.00
14.20
14.32
14.35
14.81
14.40
14.68
14.70
15.20
14.92
14.45
14.90
14.89
14.00
14.20
13.50
13.98
13.30
12.74
11.70
13.20
12.80
13.10
12.90
12.90
12.24
12.25
11.60
11.60
11.69
11.60
10.50
10.78
11.50
12.07
12.24
12.50
13.00
12.50
12.00
11.90
11.90
11.80
11.80
11.80
11.55
11.50
11.50
11.11
11.40
11.30
11.00
11.20
11.20
11.53
11.23
11.00
11.00
11.24
10.92
11.25
11.10
10.98
11.08
10.90
10.95
10.88
10.70
10.75
10.70
10.60
10.55
10.55
10.77
11.00
11.35
11.27
12.00
11.85
12.20
12.01
12.90
11.99
11.70
11.40
11.30
11.00
10.97
11.00
10.90
11.10
11.19
11.32
11.25
11.20
11.05
11.15
11.43
11.25
11.20
11.85
11.59
11.56
11.30
11.40
11.43
11.80
11.80
12.01
11.97
11.84
10.25
10.05
9.90
10.25
10.00
9.90
9.80
10.00
10.07
9.30
9.48
9.70
9.79
9.65
9.75
9.62
9.29
9.50
9.65
9.69
9.63
9.70
9.60
9.35
9.10
9.20
9.15
9.15
8.90
9.00
8.95
8.95
9.00
8.95
8.75
8.92
8.80
8.70
9.10
9.30
9.28
9.36
9.25
9.11
9.25
9.87
10.25
9.95
9.75
9.83
9.68
9.60
9.34
9.21
9.66
9.61
9.69
9.80
9.85
9.95
9.98
9.99
10.34
10.05
10.15
10.08
9.75
10.00
9.97
9.99
10.00
10.17
10.15
10.10
10.00
10.00
10.43
10.45
10.50
10.50
10.43
10.05
10.35
10.60
10.75
10.70
10.90
10.90
10.42
10.69
10.70
10.75
10.85
11.00
11.17
10.48
10.72
11.40
11.17
11.54
11.02
11.02
11.10
10.91
10.58
10.80
10.70
10.70
10.69
10.70
10.60
10.39
10.25
9.90
10.00
9.99
10.20
10.19
10.15
10.27
10.26
10.20
10.00
9.94
9.85
9.96
9.61
9.59
9.70
9.51
9.80
9.89
10.04
10.13
10.14
10.13
10.00
10.05
10.09
10.03
10.00
9.70
9.70
9.50
9.64
9.50
9.50
9.52
9.35
9.30
9.16
9.16
9.35
9.30
9.40
9.40
9.40
9.31
9.31
9.20
9.03
9.15
9.05
9.00
8.80
8.96
8.82
8.87
9.10
9.20
9.20
8.90
8.90
8.75
8.82
8.72
9.24
9.24
9.18
9.14
9.15
9.20
9.16
9.05
9.04
9.18
8.98
9.02
8.90
9.05
9.00
9.03
9.00
8.91
8.84
8.80
8.96
8.97
8.98
8.99
9.00
8.99
8.88
8.93
8.89
8.84
8.80
8.79
8.75
8.59
8.65
8.56
8.56
8.63
8.62
8.52
8.46
8.51
8.41
8.47
8.41
8.43
8.36
8.17
8.01
7.42
7.10
7.01
6.70
6.51
7.01
7.00
7.00
6.98
6.40
6.74
6.67
6.27
6.42
6.70
7.00
7.10
7.10
7.02
7.15
7.14
7.29
7.27
7.33
7.25
7.31
7.31
7.46
7.42
7.42
7.47
7.41
6.66
6.48
6.47
6.55
6.69
6.65
7.12
7.00
6.65
6.66
7.00
7.01
7.18
7.39
7.48
7.30
7.34
7.58
7.42
7.59
7.44
8.11
8.10
8.00
7.99
8.15
8.10
8.12
8.20
8.06
8.14
7.90
8.04
8.10
8.00
8.05
8.10
7.92
8.00
7.95
7.99
7.89
7.59
7.97
7.80
7.84
7.71
7.71
7.61
7.70
7.91
7.70
7.72
7.67
7.39
7.50
7.34
7.26
7.17
7.19
7.39
7.29
7.12
7.15
6.95
7.15
7.24
7.09
7.30
7.49
7.64
7.45
7.55
7.65
7.40
7.30
7.28
7.25
7.12
7.16
7.12
7.10
7.10
7.01
7.10
7.10
7.08
7.10
7.10
7.10
6.98
7.14
